015
16.1
16.2
16.3
16.4
016.5
0020
20.2
026.1
026.2
26.3
26.4
26.5
26.6
26.7
026.8
026.9
026.10
050
055
066
069
0341.1
0341.2
0378
636.3
0916.88
0001
02.1
3.1
3.2
3.3
4.1
4.2
0005
5.2
0006
00.7
8.1
8.2
8.3
9
9.2
10
11.1
11.2
12
13
14.1
14.2
14.3
0015
0016
17.4
18.1
18.2
18.22
18.3
19.1
19.2
20
21.1
21.3
0022
23
24
24.4
24.2
25
26.1
26.2
27.1
27.3
27.4
28
28.2
29
30
30.1
31.1
31.2
32.1
34.1
34.2
35
35.1
35.2
35.3
35.4
36
36.1
36.2
36.3
36.4
36.5
36.6
36.7
36.8
36.9
36.10
36.11
36.12
36.13
36.14
37
38.2
39
39.2
39.3
42
54
54.2
56
57.1
57.2
60.1
59
60.2
62.2
62.3
69.3
69.6
70.2
70.22
71
73
73.2
73.3
74
75
76
77
78
0079
80
80.1
80.2
81
82.1
82.2
82.3
82.4
83.1
83.11
83.2
83.3
83.4
83.5
83.6
83.7
83.8
84.1
84.2
84.3
85
85.2
86
87.1
87.2
87.3
0088
88.1
88.1
89.1
89.2
0090
90.1
90.2
90.3
90.4
0091
0092
92.2
93.1
93.2
0094
95
95.2
95.3
97
98
99
102
103
0104.2
105.1
105.2
0106
107
107.1
107.2
109.5
109.2
109.3
109.1
109.4
109.6
110
110.2
110.3
0112
113.1
114.1
0115
116
117.1
117.2
117.3
333.1
118
119
120
121
122.1
123
124
125.2
126.1
126.2
126.3
126.4
126.5
127.1
127.2
128.1
128.2
129
131.1
131.2
131.3
131.4
131.5
132.1
132.2
133
133.1
133.2
0135
0136
137.2
137.3
137.6
137.7
138.1
139
140.1
141.1
141.2
141.3
141.4
141.5
142
143.1
143.3
143.2
144.1
144.2
145.1
145.2
146
146.2
147.1
147.2
148
149
149.1
149.2
150
150.1
150.2
150.3
150.4
150.5
151
151.2
151.3
151.4
152
153
0154
155.1
155.2
156.1
156.2
156.3
156.5
156.4
157.2
157
158
160.2
160.2
160.1
160.3
160.4
161
162
162.1
163.3
164.1
164.2
164.3
164.4
164.6
164.5
165
165.2
165.4
166
166.2
167
0168
169
0170
171
172
173
174
175
176.2
177
178
178.2
178.c
178.4
179
180
181
182
183
184
185.1
185.2
185.3
187
188
189
189.2
191.1
191.2
192
192.1
192.2
192.3
193
194
195
195.1
195.2
196
197.1
197.2
197.3
198
199
199.2
200
201
203.1
203.2
204.2
204.3
204.4
207
208
209
210.1
210.2
210.3
210.4
210.5
210.6
211.2
212.1
212.2
213
213.1
213.2
214
214.1
214.2
214.3
215
216
0217
218.1
219
220.1
220.2
221
222
223.1
223.2
224
225.1
226
227
228.1
229.1
230
230.1
230.2
231
232
233
0234
234.1
234.2
235
237
237.2
237.3
238.1
238.2
238.3
238.4
238.5
0240
241
243.1
243.2
244
245
246
247.1
247.2
248
250
250.1
250.2
251
251.2
251.4
251.5
252.1
252.2
252.3
253
254.1
254.3
254.4
254.5
254.6
254.7
255.1
255.2
256
256.1
256.3
256.4
256.5
256.5
256.6
257
258
259
259.2
260
262
262.2
264
268
269.2
269.3
269.4
271
0273
274
276
277
278
0279
281.1
0282
283.1
283.2
284
285
286.1
286.2
286.3
24.3
24.1
294
295.1
296
298
299
0301
301.1
301.2
301.3
301.4
301.5
302
302.1
302.5
302.7
302.8
302.14
302.15
303.1
303.2
304
305
306.1
307
308
310
311.1
311.3
312.2
316.2
0318
0319
320.1
320.2
320.3
320.4
320.6
320.5
321
322
322.1
323
323.2
324.1
324.2
325
329.1
329.2
330
330.1
330.3
330.4
0332
332.2
332.3
332.5
333
334
335.1
336.1
336.2
337.1
337.2
337.3
337.4
337.5
340
340.1
340.2
340.3
340.4
340.5
340.6
341
341.1
341.2
341.3
341.4
342
344
344.3
348
350
350.2
351.2
352.2
0355
355.1
356
358
358.1
358.2
358.3
358.4
358.5
358.7
359
359.2
360
361
0362
363
363.1
365
366.2
366.3
366.4
367.2
368
368.2
369
370
370.1
370.2
371
371.1
372.2
371.3
371.4
371.5
871.6
371.7
371.8
371.9
372
373
374
375
376.1
376.2
377
377.1
377.2
378
378.1
378.2
378.4
378.5
378.6
378.7
379.2
380
381
0382
383
384
385.1
385
386
387
387.1
387.2
388.1
388.2
389
390.1
390.2
390.3
391
397.1
397.2
402
402.2
403.3
403.2
404
405
406
407
408
409
409.2
410
410.2
410.1
410.3
0411
412
413
413.2
414
414.1
415.1
415.2
416
416.1
0418
419.1
419.2
0420
421
422
423
0424
425
426
426.1
427
427.1
427.2
428
428.2
428.3
428.4
429
429.1
429.2
429.3
430
431
431.1
432
433
434
435
435.1
436
437
438
438.1
438.2
439
440
440.2
0441
442
443.1
443.2
443.3
445
446
0447
448
0449
449.2
450
451.1
451.2
451.3
451.4
452
453.1
453.2
454
455
456
457
458
459.1
459.2
459.3
460.1
460.2
460.3
460.4
461
462
463
0464
465
466
467
468
0470
470.2
471
472
473
474
0475
0476
477
478
479
480
0481
481.2
481.3
482.1
482.2
0483
484
485
486
489
490
491
0492
493
494
495
495.2
496
497
0499
500
501
502
503
0504
0506
507.1
507.2
507.3
507.4
507.5
0508
509.1
509.2
0510
511.1
511.2
511.3
512.1
512.2
514
516.1
516.2
516.3
517
0518
520
553
553.1
554
555
0556
557
0558
559
560
562
563
564
565
566
567
571
571.1
571.2
572.7
574
137.8
556
573
184.2
184.1
37.1
84
385.2
385.4
385.5
385.6
87.4
14.4
492.1
562.1
506.2
83
119.1
184.3
427.3
247.3
370.3
332.1
519
495.1
128.3
83.9
575
94.1
94.2
199.1
385.3
196.1
23.1
256.2
358.6
368.1
370.4
376
334.1
390
402.3
404.1
162.2
214.4
502.1
351
16.2
521
371.2
522.1
522.2
523
576
577
578
579
580
522.3
522.4
524
525
526
527
582
182.1
528
529
581
583
530
531
532
533
534
535
536
537
539
540
538
541
584
585
542
80c
586
587
543
522.5
377.3
588
927
928
929
930
931
932
933
934
935
937
938
939
940
941
942
943
